110,65,0
110,65,0
110,65,0
110,65,0
110,65,0
0,30,153
0,59,167
0,70,172
0,80,177
0,108,191
255,255,255
255,255,255
255,255,255
255,255,255
255,255,255
255,255,255
0,149,211
0,94,184
0,177,225
0,220,248
0,121,197
255,255,255
255,255,255
255,255,255
255,255,255
255,255,255
255,255,255
255,255,255
255,255,255
255,255,255
255,255,255
255,255,255
255,255,255
255,255,255
255,255,255
255,255,255
255,255,255
255,255,255
255,255,255
255,255,255
255,255,255
255,255,255
255,255,255
255,255,255
255,255,255
255,255,255
255,255,255
255,255,255
255,255,255
255,255,255
255,255,255
255,255,255
255,255,255
255,255,255
255,255,255
255,255,255
255,255,255
255,255,255
255,255,255
255,255,255
255,255,255
255,255,255
255,255,255
255,255,255
255,255,255
255,255,255
255,255,255
255,255,255
255,255,255
255,255,255
255,255,255
255,255,255
255,255,255
255,255,255
255,255,255
255,255,255
255,255,255
255,255,255
255,255,255
255,255,255
255,255,255
255,255,255
255,255,255
255,255,255
255,255,255
255,255,255
255,255,255
255,255,255
255,255,255
255,255,255
255,255,255
255,255,255
255,255,255
255,255,255
255,255,255
255,255,255
255,255,255
255,255,255
255,255,255
255,255,255
255,255,255
255,255,255
255,255,255
255,255,255
255,255,255
255,255,255
255,255,255
255,255,255
255,255,255
255,255,255
255,255,255
255,255,255
255,255,255
255,255,255
255,255,255
255,255,255
255,255,255
255,255,255
255,255,255
255,255,255
255,255,255
255,255,255
255,255,255
255,255,255
255,255,255
255,255,255
255,255,255
255,255,255
255,255,255
255,255,255
255,255,255
255,255,255
255,255,255
255,255,255
255,255,255
255,255,255
255,255,255
255,255,255
255,255,255
255,255,255
255,255,255
255,255,255
255,255,255
255,255,255
255,255,255
255,255,255
255,255,255
255,255,255
255,255,255
255,255,255
255,255,255
255,255,255
255,255,255
255,255,255
255,255,255
255,255,255
255,255,255
255,255,255
255,255,255
255,255,255
255,255,255
255,255,255
255,255,255
255,255,255
255,255,255
255,255,255
255,255,255
255,255,255
255,255,255
255,255,255
255,255,255
255,255,255
255,255,255
255,255,255
255,255,255
255,255,255
110,65,0
110,65,0
110,65,0
110,65,0
110,65,0
110,65,0
135,0,179
90,0,164
45,0,150
70,0,157
28,0,146
7,0,144
0,4,144
0,21,150
0,13,147
0,45,161
0,37,157
0,71,172
255,255,255
255,255,255
255,255,255
255,255,255
0,25,152
0,3,144
0,16,148
6,0,144
0,6,145
19,0,144
17,0,144
51,0,151
68,0,156
100,0,167
110,0,171
181,0,193
140,0,180
110,0,170
53,0,153
35,0,147
90,0,164
80,0,160
69,0,158
31,0,146
28,0,146
0,4,144
0,5,145
0,28,153
0,25,151
255,255,255
255,255,255
255,255,255
255,255,255
255,255,255
255,255,255
255,255,255
255,255,255
255,255,255
255,255,255
255,255,255
255,255,255
255,255,255
255,255,255
255,255,255
255,255,255
255,255,255
255,255,255
255,255,255
255,255,255
255,255,255
255,255,255
255,255,255
255,255,255
255,255,255
255,255,255
255,255,255
255,255,255
255,255,255
255,255,255
255,255,255
255,255,255
255,255,255
255,255,255
255,255,255
255,255,255
255,255,255
255,0,164
255,0,173
255,0,183
246,0,198
255,0,194
254,0,198
231,0,198
176,0,192
120,0,174
137,0,180
219,0,198
162,0,187
206,0,198
248,0,198
255,0,168
255,0,123
255,0,135
255,0,172
255,0,165
255,0,117
255,0,143
255,0,168
255,0,154
255,0,117
255,0,118
255,0,84
255,0,104
255,0,56
255,0,43
255,0,12
255,0,25
255,0,1
255,24,0
255,43,0
255,16,0
255,32,0
255,62,0
255,32,0
255,76,0
255,82,0
255,99,0
255,90,0
255,67,0
255,51,0
255,27,0
255,59,0
255,24,0
255,0,3
255,9,0
255,3,0
255,0,2
255,0,27
255,0,13
255,255,255
255,255,255
255,255,255
255,255,255
255,255,255
255,255,255
255,255,255
255,255,255
255,255,255
255,255,255
255,255,255
255,255,255
255,255,255
255,255,255
255,255,255
255,255,255
255,255,255
255,255,255
255,255,255
255,255,255
255,255,255
255,255,255
255,255,255
255,255,255
255,255,255
255,255,255
255,255,255
255,255,255
255,255,255
255,255,255
255,255,255
255,255,255
255,255,255
255,255,255
255,255,255
255,255,255
255,255,255
255,255,255
255,255,255
255,255,255
255,255,255
255,255,255
255,255,255
255,255,255
255,255,255
255,255,255
255,255,255
255,255,255
255,255,255
255,255,255
255,255,255
255,255,255
255,255,255
255,255,255
255,255,255
255,255,255
255,255,255
255,255,255
255,255,255
255,255,255
255,255,255
255,255,255
255,255,255
255,255,255
255,255,255
255,255,255
255,255,255
255,255,255
255,255,255
255,255,255
255,255,255
255,255,255
255,255,255
255,255,255
255,255,255
255,255,255
255,255,255
255,255,255
255,255,255
110,65,0
110,65,0
110,65,0
110,65,0
110,65,0
110,65,0
238,0,198
213,0,198
255,0,196
255,0,167
255,0,71
255,0,70
255,0,43
255,0,30
255,0,3
110,65,0
110,65,0
110,65,0
110,65,0
110,65,0
110,65,0
110,65,0
255,255,255
255,255,255
255,255,255
255,255,255
255,255,255
255,255,255
255,255,255
255,255,255
255,255,255
255,255,255
255,255,255
255,255,255
255,255,255
255,255,255
255,255,255
110,65,0
110,65,0
110,65,0
110,65,0
110,65,0
255,47,0
255,60,0
255,81,0
255,96,0
255,108,0
255,149,0
255,137,0
255,116,0
255,156,0
255,197,0
255,191,0
255,220,0
255,182,0
255,198,0
255,231,0
255,235,0
251,252,0
206,252,7
144,234,15
201,252,7
243,252,2
241,252,2
255,244,0
255,235,0
249,252,1
200,252,8
129,228,17
182,247,10
125,226,18
66,201,30
24,184,43
51,195,33
4,181,54
0,186,84
0,190,98
255,255,255
255,255,255
255,255,255
255,255,255
255,255,255
255,255,255
255,255,255
255,255,255
255,255,255
255,255,255
255,255,255
255,255,255
255,255,255
249,252,1
234,252,3
255,249,0
255,225,0
255,235,0
255,224,0
255,186,0
255,142,0
255,187,0
255,255,255
255,255,255
255,255,255
255,255,255
255,255,255
255,255,255
255,255,255
255,255,255
255,255,255
255,255,255
255,255,255
255,255,255
255,255,255
255,255,255
255,255,255
255,255,255
255,255,255
255,255,255
255,255,255
255,255,255
255,255,255
255,255,255
255,255,255
255,255,255
255,255,255
255,255,255
255,255,255
255,255,255
255,255,255
255,255,255
255,255,255
255,255,255
255,255,255
255,255,255
255,255,255
255,255,255
255,255,255
255,255,255
255,255,255
255,255,255
255,255,255
255,255,255
255,255,255
255,255,255
255,255,255
255,255,255
255,255,255
255,255,255
255,255,255
255,255,255
255,255,255
255,255,255
255,255,255
255,255,255
255,255,255
255,255,255
255,255,255
255,255,255
255,255,255
255,255,255
255,255,255
255,255,255
255,255,255
255,255,255
255,255,255
255,255,255
255,255,255
255,255,255
255,255,255
255,255,255
255,255,255
255,255,255
255,255,255
255,255,255
255,255,255
255,255,255
255,255,255
255,255,255
255,255,255
255,255,255
255,255,255
255,255,255
255,255,255
255,255,255
255,255,255
255,255,255
255,255,255
255,255,255
255,255,255
255,255,255
255,255,255
255,255,255
255,255,255
255,255,255
255,255,255
255,255,255
255,255,255
255,255,255
255,255,255
255,255,255
255,255,255
255,255,255
255,255,255
255,255,255
255,255,255
255,255,255
255,255,255
255,255,255
255,255,255
255,255,255
255,255,255
255,255,255
255,255,255
255,255,255
255,255,255
255,255,255
255,255,255
255,255,255
255,255,255
255,255,255
255,255,255
255,255,255
255,255,255
255,255,255
255,255,255
255,255,255
255,255,255
255,255,255
255,255,255
255,255,255
255,255,255
255,255,255
255,255,255
255,255,255
255,255,255
255,255,255
255,255,255
255,255,255
255,255,255
255,255,255
255,255,255
255,255,255
110,65,0
110,65,0
110,65,0
110,65,0
110,65,0
110,65,0
110,65,0
110,65,0
255,255,255
255,255,255
255,255,255
255,255,255
255,255,255
255,255,255
255,255,255
255,255,255
255,255,255
255,255,255
255,255,255
255,255,255
255,255,255
255,255,255
255,255,255
255,255,255
255,255,255
255,255,255
255,255,255
255,255,255
255,255,255
255,255,255
255,255,255
255,255,255
255,255,255
255,255,255
255,255,255
255,255,255
255,255,255
255,255,255
255,255,255
255,255,255
255,255,255
255,255,255
255,255,255
255,255,255
255,255,255
255,255,255
255,255,255
255,255,255
255,255,255
255,255,255
255,255,255
255,255,255
255,255,255
255,255,255
255,255,255
255,255,255
255,255,255
255,255,255
255,255,255
255,255,255
255,255,255
255,255,255
255,255,255
255,255,255
255,255,255
255,255,255
255,255,255
255,255,255
255,255,255
255,255,255
255,255,255
255,255,255
255,255,255
255,255,255
255,255,255
255,255,255
255,255,255
255,255,255
255,255,255
255,255,255
255,255,255
255,255,255
255,255,255
255,255,255
255,255,255
255,255,255
255,255,255
255,255,255
255,255,255
255,255,255
255,255,255
110,65,0
110,65,0
110,65,0
110,65,0
110,65,0
110,65,0
255,255,255
255,255,255
255,255,255
255,255,255
110,65,0
110,65,0
110,65,0
110,65,0
110,65,0
110,65,0
110,65,0
110,65,0
110,65,0
0,203,130
0,181,67
0,190,97
0,203,131
0,211,148
0,224,174
0,216,160
0,229,186
0,237,202
0,250,229
0,251,231
14,241,227
255,255,255
255,255,255
255,255,255
255,255,255
255,255,255
255,255,255
255,255,255
255,255,255
255,255,255
255,255,255
255,255,255
255,255,255
255,255,255
255,255,255
255,255,255
255,255,255
255,255,255
255,255,255
255,255,255
255,255,255
255,255,255
255,255,255
255,255,255
255,255,255
255,255,255
255,255,255
255,255,255
255,255,255
255,255,255
255,255,255
255,255,255
255,255,255
255,255,255
255,255,255
255,255,255
255,255,255
255,255,255
255,255,255
255,255,255
255,255,255
255,255,255
255,255,255
255,255,255
255,255,255
255,255,255
255,255,255
255,255,255
255,255,255
255,255,255
255,255,255
255,255,255
255,255,255
255,255,255
255,255,255
255,255,255
255,255,255
255,255,255
255,255,255
255,255,255
255,255,255
255,255,255
255,255,255
255,255,255
255,255,255
255,255,255
255,255,255
255,255,255
255,255,255
255,255,255
255,255,255
255,255,255
255,255,255
255,255,255
255,255,255
255,255,255
255,255,255
255,255,255
255,255,255
255,255,255
255,255,255
255,255,255
255,255,255
255,255,255
255,255,255
255,255,255
255,255,255
255,255,255
255,255,255
255,255,255
255,255,255
255,255,255
255,255,255
255,255,255
255,255,255
255,255,255
255,255,255
255,255,255
255,255,255
255,255,255
255,255,255
255,255,255
255,255,255
255,255,255
255,255,255
255,255,255
255,255,255
255,255,255
255,255,255
255,255,255
255,255,255
255,255,255
255,255,255
255,255,255
255,255,255
255,255,255
255,255,255
255,255,255
255,255,255
255,255,255
255,255,255
255,255,255
255,255,255
255,255,255
255,255,255
255,255,255
255,255,255
255,255,255
255,255,255
255,255,255
255,255,255
255,255,255
255,255,255
255,255,255
255,255,255
255,255,255
255,255,255
255,255,255
255,255,255
255,255,255
255,255,255
255,255,255
255,255,255
255,255,255
255,255,255
255,255,255
255,255,255
255,255,255
255,255,255
255,255,255
255,255,255
255,255,255
255,255,255
110,65,0
110,65,0
110,65,0
110,65,0
110,65,0
110,65,0
110,65,0
110,65,0
255,255,255
255,255,255
255,255,255
255,255,255
255,255,255
255,255,255
255,255,255
255,255,255
255,255,255
255,255,255
255,255,255
255,255,255
255,255,255
255,255,255
255,255,255
255,255,255
255,255,255
255,255,255
255,255,255
255,255,255
255,255,255
255,255,255
255,255,255
255,255,255
255,255,255
255,255,255
255,255,255
255,255,255
255,255,255
255,255,255
255,255,255
255,255,255
255,255,255
255,255,255
255,255,255
255,255,255
255,255,255
255,255,255
255,255,255
255,255,255
255,255,255
255,255,255
255,255,255
255,255,255
255,255,255
255,255,255
255,255,255
255,255,255
255,255,255
255,255,255
255,255,255
255,255,255
255,255,255
255,255,255
255,255,255
255,255,255
255,255,255
255,255,255
255,255,255
255,255,255
255,255,255
255,255,255
255,255,255
255,255,255
255,255,255
255,255,255
255,255,255
255,255,255
255,255,255
255,255,255
255,255,255
255,255,255
255,255,255
255,255,255
255,255,255
255,255,255
255,255,255
255,255,255
255,255,255
255,255,255
255,255,255
255,255,255
255,255,255
110,65,0
110,65,0
110,65,0
110,65,0
110,65,0
110,65,0
255,255,255
255,255,255
255,255,255
255,255,255
110,65,0
110,65,0
110,65,0
110,65,0
110,65,0
110,65,0
110,65,0
110,65,0
110,65,0
0,196,113
2,180,56
0,185,81
0,196,113
0,203,128
0,214,156
0,207,141
0,221,169
0,229,186
0,244,217
0,246,220
6,250,234
255,255,255
255,255,255
255,255,255
255,255,255
255,255,255
255,255,255
255,255,255
255,255,255
255,255,255
255,255,255
255,255,255
255,255,255
255,255,255
255,255,255
255,255,255
255,255,255
255,255,255
255,255,255
255,255,255
255,255,255
255,255,255
255,255,255
255,255,255
255,255,255
255,255,255
255,255,255
255,255,255
255,255,255
255,255,255
255,255,255
255,255,255
255,255,255
255,255,255
255,255,255
255,255,255
255,255,255
255,255,255
255,255,255
255,255,255
255,255,255
110,65,0
110,65,0
110,65,0
110,65,0
110,65,0
110,65,0
110,65,0
110,65,0
110,65,0
110,65,0
110,65,0
110,65,0
227,0,198
196,0,197
252,0,199
255,0,177
255,0,87
255,0,89
255,0,58
255,0,42
255,0,11
110,65,0
110,65,0
110,65,0
110,65,0
110,65,0
110,65,0
110,65,0
255,255,255
255,255,255
255,255,255
255,255,255
255,255,255
255,255,255
255,255,255
255,255,255
255,255,255
255,255,255
255,255,255
255,255,255
255,255,255
255,255,255
255,255,255
110,65,0
110,65,0
110,65,0
110,65,0
110,65,0
255,36,0
255,47,0
255,66,0
255,81,0
255,92,0
255,135,0
255,120,0
255,100,0
255,140,0
255,183,0
255,175,0
255,209,0
255,168,0
255,185,0
255,221,0
255,226,0
255,249,0
222,252,5
165,242,12
220,252,6
253,252,0
252,252,1
255,236,0
255,224,0
255,251,0
219,252,5
153,237,14
203,252,8
148,235,14
88,210,24
40,190,37
73,204,28
16,183,47
0,182,69
0,185,81
255,255,255
255,255,255
255,255,255
255,255,255
255,255,255
255,255,255
255,255,255
255,255,255
255,255,255
255,255,255
255,255,255
255,255,255
255,255,255
255,250,0
249,252,2
255,242,0
255,211,0
255,224,0
255,212,0
255,170,0
255,124,0
255,174,0
255,255,255
255,255,255
255,255,255
255,255,255
255,255,255
255,255,255
255,255,255
255,255,255
255,255,255
255,255,255
255,255,255
255,255,255
255,255,255
255,255,255
255,255,255
255,255,255
255,255,255
255,255,255
255,255,255
255,255,255
255,255,255
255,255,255
255,255,255
110,65,0
110,65,0
110,65,0
110,65,0
110,65,0
0,7,145
0,26,152
2,1,144
24,0,145
63,0,155
38,0,148
82,0,161
123,0,175
164,0,188
99,0,167
123,0,175
88,0,163
57,0,153
42,0,149
11,0,144
11,0,144
0,11,146
0,18,149
0,52,163
0,82,177
0,45,161
255,255,255
255,255,255
255,255,255
255,255,255
0,36,156
0,25,151
0,10,145
0,4,144
23,0,145
41,0,149
95,0,165
75,0,159
64,0,156
52,0,152
18,0,144
15,0,144
0,13,146
0,41,158
0,15,147
0,38,157
255,255,255
255,255,255
255,255,255
255,255,255
255,255,255
255,255,255
255,255,255
255,255,255
255,255,255
255,255,255
255,255,255
255,255,255
255,255,255
255,255,255
255,255,255
255,255,255
255,255,255
255,255,255
255,255,255
255,255,255
255,255,255
255,255,255
255,255,255
255,255,255
255,255,255
255,255,255
255,255,255
255,255,255
255,255,255
255,255,255
255,255,255
255,255,255
255,255,255
255,255,255
255,255,255
255,255,255
255,255,255
255,0,181
255,0,187
255,0,195
226,0,198
249,0,198
240,0,198
208,0,198
151,0,184
102,0,168
117,0,173
198,0,197
139,0,180
187,0,195
236,0,199
255,0,179
255,0,138
255,0,151
255,0,184
255,0,179
255,0,135
255,0,158
255,0,182
255,0,171
255,0,141
255,0,139
255,0,106
255,0,122
255,0,74
255,0,60
255,0,25
255,0,38
255,0,10
255,14,0
255,30,0
255,6,0
255,48,0
255,20,0
255,19,0
255,60,0
255,66,0
255,80,0
255,71,0
255,50,0
255,35,0
255,14,0
255,42,0
255,12,0
255,0,16
255,0,0
255,0,6
255,0,14
255,0,45
255,0,28
255,255,255
255,255,255
255,255,255
255,255,255
255,255,255
255,255,255
255,255,255
255,255,255
255,255,255
255,255,255
255,255,255
255,255,255
255,255,255
255,255,255
255,255,255
255,255,255
255,255,255
255,255,255
255,255,255
255,255,255
255,255,255
255,255,255
255,255,255
255,255,255
255,255,255
255,255,255
255,255,255
255,255,255
255,255,255
255,255,255
255,255,255
255,255,255
255,255,255
255,255,255
255,255,255
255,255,255
255,255,255
255,255,255
255,255,255
110,65,0
110,65,0
110,65,0
110,65,0
110,65,0
110,65,0
110,65,0
110,65,0
110,65,0
0,31,154
0,64,169
0,73,173
0,80,177
0,112,193
255,255,255
255,255,255
255,255,255
255,255,255
255,255,255
255,255,255
0,161,217
0,102,188
0,191,234
0,230,253
0,139,207
255,255,255
255,255,255
255,255,255
255,255,255
255,255,255
255,255,255
255,255,255
255,255,255
255,255,255
255,255,255
255,255,255
255,255,255
255,255,255
255,255,255
255,255,255
255,255,255
255,255,255
255,255,255
255,255,255
255,255,255
255,255,255
255,255,255
255,255,255
255,255,255
255,255,255
255,255,255
255,255,255
255,255,255
255,255,255
255,255,255
255,255,255
255,255,255
255,255,255
255,255,255
255,255,255
255,255,255
255,255,255
255,255,255
255,255,255
255,255,255
255,255,255
255,255,255
255,255,255
255,255,255
255,255,255
255,255,255
255,255,255
255,255,255
255,255,255
255,255,255
255,255,255
255,255,255
255,255,255
255,255,255
255,255,255
255,255,255
255,255,255
255,255,255
255,255,255
255,255,255
255,255,255
255,255,255
255,255,255
255,255,255
255,255,255
255,255,255
255,255,255
255,255,255
255,255,255
255,255,255
255,255,255
255,255,255
255,255,255
255,255,255
255,255,255
255,255,255
255,255,255
255,255,255
255,255,255
255,255,255
255,255,255
255,255,255
255,255,255
255,255,255
255,255,255
255,255,255
255,255,255
255,255,255
255,255,255
255,255,255
255,255,255
255,255,255
255,255,255
255,255,255
255,255,255
255,255,255
255,255,255
255,255,255
255,255,255
255,255,255
255,255,255
255,255,255
255,255,255
255,255,255
255,255,255
255,255,255
255,255,255
255,255,255
255,255,255
255,255,255
255,255,255
255,255,255
255,255,255
255,255,255
255,255,255
255,255,255
255,255,255
255,255,255
255,255,255
255,255,255
255,255,255
255,255,255
255,255,255
255,255,255
255,255,255
255,255,255
255,255,255
255,255,255
255,255,255
255,255,255
255,255,255
255,255,255
255,255,255
255,255,255
255,255,255
255,255,255
255,255,255
255,255,255
255,255,255
255,255,255
255,255,255
255,255,255
255,255,255
255,255,255
255,255,255
255,255,255
255,255,255
255,255,255
255,255,255
255,255,255
255,255,255
